----------------
BASE
users;ratings,1,2,3,4,5,std,trust,trust0.5,trust0.8
100;2896;612;345;370;730;839;1.51400295872128;727;619;429
----------------
Simple dataset
1.17260393995586;1.17260393995586;1.83711730708738;0.0615;0.1667;6
1.04379412378089;0.983707254326566;1.50410959674232;0.2238;0.6552;87
----------------
Simple dataset domain similarities
0.963624111659432;0.666666666666667;1.43924583425785;0.1077;0.5;6
1.03981903651163;0.970914341954761;1.48302632768525;0.3273;0.6897;87
----------------
Simple dataset domain similarities
1.03279555898864;0.69139077035305;1.59164485150844;0.1154;0.5;6
1.03024875015975;0.950320760631563;1.46993061339246;0.3374;0.6897;87
----------------
Multiplication
users;ratings,1,2,3,4,5,std,trust,trust0.5,trust0.8
100;2896;612;345;370;730;839;1.51400295872128;3181;2454;2454
----------------
Propagation SHORTMULTIPLICATION
1;0.832525027417239;1.555973210431;0.2303;0.5556;18
1.06718737290547;1.03712535381605;1.75594229214212;0.5538;1;6
1.05391567738295;0.986105723168597;1.62509679629105;0.5145;0.8736;87
----------------
ArithmeticMean
users;ratings,1,2,3,4,5,std,trust,trust0.5,trust0.8
100;2896;612;345;370;730;839;1.51400295872128;5505;4778;4778
----------------
Propagation SHORTARITMETIC
----------------
Propagation SHORTARITMETIC
1.10023920844036;1.04424416376854;1.8112707567854;0.3455;0.6667;18
1.27878618918373;1.31332121949597;2.33389349018532;0.6538;1;6
1.15500420716514;1.09575865169038;1.88071415806472;0.6564;0.9195;87
----------------
HarmonicMean
users;ratings,1,2,3,4,5,std,trust,trust0.5,trust0.8
100;2896;612;345;370;730;839;1.51400295872128;13159;7654;0
----------------
Propagation SHORTHARMONIC
1.16139451062175;1.09944584832158;1.88012864478212;0.5212;0.8889;18
1.27186754767292;1.30566911204648;2.27303028283098;0.7846;1;6
1.16269512609124;1.14260958357417;1.84912304012077;0.789;0.977;87
----------------
PMultiplication dataset domain similarities (Pearson)
1.08417646003371;1.06435522078279;1.69104971032995;0.3455;0.6111;18
1.16774841624228;1.13697170927767;2.00252366030991;0.7615;1;6
1.17111416176574;1.12026270251947;1.95207953863045;0.6181;0.8851;87
----------------
PMultiplication dataset domain similarities (kategoriju matrica)
1.02899151085505;0.96106601298199;1.55928590996636;0.3091;0.5556;18
1.08866210790363;1.05286440092115;1.79161283295523;0.6231;1;6
1.0738338291503;1.01832429064199;1.66698169675485;0.548;0.8736;87
----------------
PMultiplication dataset domain similarities
1.07188440151574;1.11991969359924;1.72589785452538;0.5697;0.6111;18
1.13496061307005;1.12409177170045;1.95283366471236;0.9077;1;6
1.1193605480495;1.11689270591662;1.79979704588953;0.7562;0.8851;87
----------------
PMultiplicationU
users;ratings,1,2,3,4,5,std,trust,trust0.5,trust0.8
100;2896;612;345;370;730;839;1.51400295872128;5270;2044;1619
----------------
PMultiplicationU dataset domain similarities
1.10431526074847;0.862440541103112;1.88705474476924;0.2485;0.5556;18
1.13628308114938;1.09832792864887;1.99366083983806;0.6077;1;6
1.14548624100148;1.05383957483653;1.91253848803314;0.5974;0.8736;87
----------------
BASE
users;ratings,1,2,3,4,5,std,trust,trust0.5,trust0.8
100;2879;532;339;373;786;849;1.47283824912908;743;627;422
----------------
Simple dataset
1.4142135623731;1.4142135623731;2.40370085030933;0.09;0.1667;6
1.04122928111035;0.918638974905195;1.5139614288088;0.2105;0.6322;87
----------------
Simple dataset domain similarities
1.4142135623731;1.4142135623731;2.40370085030933;0.09;0.1667;6
1.03710681763312;0.902593071192282;1.50850606600739;0.2206;0.6437;87
----------------
Simple dataset domain similarities
1.4142135623731;1.4142135623731;2.40370085030933;0.09;0.1667;6
1.03325003450415;0.920961046767041;1.48798000895249;0.2466;0.6552;87
----------------
Simple dataset domain similarities
1.30930734141595;1.30930734141595;2.23606797749979;0.14;0.1667;6
1.07358153839735;1.003791015716;1.56771552226891;0.3369;0.6897;87
----------------
Multiplication
users;ratings,1,2,3,4,5,std,trust,trust0.5,trust0.8
100;2879;532;339;373;786;849;1.47283824912908;2492;1159;1159
----------------
Propagation SHORTMULTIPLICATION
0.763762615825973;0.68245682704355;0.957427107756338;0.1481;0.5556;18
0.959714869937393;0.406155036341728;1.61408276054691;0.38;0.6667;6
0.976799665867206;0.860092763623346;1.40679167312197;0.3484;0.8506;87
----------------
PMultiplication dataset domain similarities
1;0.894682852342954;1.54421999229883;0.2407;0.5556;18
0.980196058819607;0.875128770964624;1.68616050686225;0.51;0.6667;6
1.02340193710957;0.966291837978807;1.51053018659767;0.4328;0.8506;87
